0-6 1-9 7-3 

	path R0:(13) [ 0 4 3 11 10 5 6 5 10 11 3 4 0 ]
	  0  4  3 11 10  5  6  5 10 11  3  4  0
	
	path R1:(12) [ 1 1 4 3 11 10 9 10 11 3 4 1 ]
	  0  4  3 11 10  5  6  5 10 11  3  4  0
	  1  1  4  3 11 10  9 10 11  3  4  1
	
	path R2:(17) [ 7 8 9 10 9 9 8 9 9 10 11 3 11 10 5 6 7 ]
	  0  4  3 11 10  5  6  5 10 11  3  4  0
	  1  1  4  3 11 10  9 10 11  3  4  1
	  7  8  9 10  9  9  8  9  9 10 11  3 11 10  5  6  7
	
timesteps medio corrente: 14
___________________________________________________________________________________________________________



0-6 7-3 1-9 

	path R0:(13) [ 0 4 3 11 10 5 6 5 10 11 3 4 0 ]
	  0  4  3 11 10  5  6  5 10 11  3  4  0
	
	path R1:(17) [ 7 8 9 10 9 10 11 10 9 10 11 3 11 10 5 6 7 ]
	  0  4  3 11 10  5  6  5 10 11  3  4  0
	  7  8  9 10  9 10 11 10  9 10 11  3 11 10  5  6  7
	
	path R2:(22) [ 1 1 4 3 11 11 3 11 11 3 4 1 4 3 11 10 9 10 11 3 4 1 ]
	  0  4  3 11 10  5  6  5 10 11  3  4  0
	  7  8  9 10  9 10 11 10  9 10 11  3 11 10  5  6  7
	  1  1  4  3 11 11  3 11 11  3  4  1  4  3 11 10  9 10 11  3  4  1
	
timesteps medio corrente: 17
___________________________________________________________________________________________________________



1-9 0-6 7-3 

	path R0:(11) [ 1 4 3 11 10 9 10 11 3 4 1 ]
	  1  4  3 11 10  9 10 11  3  4  1
	
	path R1:(14) [ 0 0 4 3 11 10 5 6 5 10 11 3 4 0 ]
	  1  4  3 11 10  9 10 11  3  4  1
	  0  0  4  3 11 10  5  6  5 10 11  3  4  0
	
	path R2:(18) [ 7 8 9 10 5 6 9 10 10 9 10 11 3 11 10 5 6 7 ]
	  1  4  3 11 10  9 10 11  3  4  1
	  0  0  4  3 11 10  5  6  5 10 11  3  4  0
	  7  8  9 10  5  6  9 10 10  9 10 11  3 11 10  5  6  7
	
timesteps medio corrente: 14
___________________________________________________________________________________________________________



1-9 7-3 0-6 

	path R0:(11) [ 1 4 3 11 10 9 10 11 3 4 1 ]
	  1  4  3 11 10  9 10 11  3  4  1
	
	path R1:(15) [ 7 8 9 10 5 10 5 10 11 3 11 10 5 6 7 ]
	  1  4  3 11 10  9 10 11  3  4  1
	  7  8  9 10  5 10  5 10 11  3 11 10  5  6  7
	
	path R2:(22) [ 0 0 4 3 11 11 11 3 4 0 4 3 11 10 5 6 5 10 11 3 4 0 ]
	  1  4  3 11 10  9 10 11  3  4  1
	  7  8  9 10  5 10  5 10 11  3 11 10  5  6  7
	  0  0  4  3 11 11 11  3  4  0  4  3 11 10  5  6  5 10 11  3  4  0
	
timesteps medio corrente: 16
___________________________________________________________________________________________________________



7-3 0-6 1-9 

	path R0:(11) [ 7 8 9 10 11 3 11 10 5 6 7 ]
	  7  8  9 10 11  3 11 10  5  6  7
	
	path R1:(17) [ 0 4 3 11 3 4 3 11 10 5 6 5 10 11 3 4 0 ]
	  7  8  9 10 11  3 11 10  5  6  7
	  0  4  3 11  3  4  3 11 10  5  6  5 10 11  3  4  0
	
	path R2:(16) [ 1 1 4 3 4 0 4 3 11 10 9 10 11 3 4 1 ]
	  7  8  9 10 11  3 11 10  5  6  7
	  0  4  3 11  3  4  3 11 10  5  6  5 10 11  3  4  0
	  1  1  4  3  4  0  4  3 11 10  9 10 11  3  4  1
	
timesteps medio corrente: 14
___________________________________________________________________________________________________________



7-3 1-9 0-6 

	path R0:(11) [ 7 8 9 10 11 3 11 10 5 6 7 ]
	  7  8  9 10 11  3 11 10  5  6  7
	
	path R1:(15) [ 1 4 3 11 3 4 3 11 10 9 10 11 3 4 1 ]
	  7  8  9 10 11  3 11 10  5  6  7
	  1  4  3 11  3  4  3 11 10  9 10 11  3  4  1
	
	path R2:(18) [ 0 0 4 3 4 0 4 3 11 10 5 6 5 10 11 3 4 0 ]
	  7  8  9 10 11  3 11 10  5  6  7
	  1  4  3 11  3  4  3 11 10  9 10 11  3  4  1
	  0  0  4  3  4  0  4  3 11 10  5  6  5 10 11  3  4  0
	
timesteps medio corrente: 14
___________________________________________________________________________________________________________



